200 100
164 170
149 175
9 84
18 30
95 197
79 149
111 160
157 193
97 198
44 75
109 200
81 157
87 107
102 159
69 129
114 126
181 185
113 157
1 78
117 191
29 121
72 153
65 172
5 154
35 70
64 195
115 138
9 25
175 177
5 164
25 81
103 129
70 166
75 181
66 120
13 181
140 149
70 82
72 141
25 166
85 170
22 29
104 113
80 178
63 123
47 157
155 171
8 124
113 143
133 190
86 101
85 132
192 195
33 63
87 118
24 184
122 167
107 171
96 134
53 164
28 175
4 106
12 174
38 61
40 191
29 107
69 153
71 72
80 99
146 187
43 131
28 117
115 118
123 200
117 147
85 110
31 61
58 161
84 99
84 130
68 178
3 103
107 109
80 170
2 72
109 124
16 59
56 120
97 125
49 100
40 110
61 145
129 150
40 182
31 58
56 183
169 196
60 135
70 143
12 54
12 190